#multi:
	cintura		quadril		coxa		joelho		tornozelo		calcanhar		pé		
t	x	y	x	y	x	y	x	y	x	y	x	y	x	y	
0.000	-0.144	1.005	-0.146	0.882	-0.348	0.531	-0.378	0.444	-0.495	0.123	-0.506	4.468E-2	-0.613	7.624E-2
0.008	-0.157	1.002	-0.158	0.880	-0.355	0.526	-0.386	0.441	-0.513	0.123	-0.528	4.491E-2	-0.632	7.874E-2
0.017	-0.170	1.000	-0.171	0.878	-0.364	0.522	-0.395	0.438	-0.530	0.123	-0.546	4.514E-2	-0.649	7.964E-2
0.025	-0.183	0.998	-0.184	0.875	-0.374	0.519	-0.405	0.435	-0.544	0.122	-0.561	4.327E-2	-0.663	7.893E-2
0.033	-0.195	0.997	-0.197	0.874	-0.385	0.517	-0.415	0.432	-0.555	0.120	-0.573	4.117E-2	-0.674	7.756E-2
0.042	-0.208	0.995	-0.210	0.872	-0.397	0.516	-0.427	0.430	-0.564	0.118	-0.582	3.883E-2	-0.683	7.489E-2
0.050	-0.221	0.995	-0.223	0.872	-0.411	0.516	-0.439	0.429	-0.570	0.115	-0.588	3.485E-2	-0.689	7.059E-2
0.058	-0.234	0.994	-0.236	0.871	-0.425	0.517	-0.452	0.428	-0.576	0.112	-0.591	3.134E-2	-0.693	6.529E-2
0.067	-0.247	0.993	-0.249	0.870	-0.439	0.518	-0.464	0.427	-0.579	0.108	-0.593	3.158E-2	-0.697	6.003E-2
0.075	-0.261	0.992	-0.263	0.870	-0.453	0.518	-0.476	0.425	-0.582	0.105	-0.596	3.087E-2	-0.701	5.511E-2
0.083	-0.274	0.992	-0.278	0.869	-0.467	0.518	-0.488	0.423	-0.586	0.101	-0.600	2.994E-2	-0.707	5.094E-2
0.092	-0.288	0.992	-0.293	0.869	-0.480	0.517	-0.498	0.422	-0.594	9.808E-2	-0.603	3.039E-2	-0.712	4.666E-2
0.100	-0.301	0.992	-0.307	0.869	-0.491	0.515	-0.508	0.420	-0.604	0.100	-0.607	2.935E-2	-0.717	4.231E-2
0.108	-0.315	0.993	-0.323	0.870	-0.502	0.514	-0.519	0.420	-0.613	0.100	-0.610	2.998E-2	-0.720	3.890E-2
0.117	-0.329	0.995	-0.337	0.872	-0.512	0.515	-0.532	0.422	-0.618	9.933E-2	-0.611	3.060E-2	-0.723	3.625E-2
0.125	-0.343	0.998	-0.353	0.874	-0.525	0.517	-0.545	0.424	-0.621	9.871E-2	-0.613	3.123E-2	-0.725	3.394E-2
0.133	-0.357	1.000	-0.367	0.878	-0.540	0.520	-0.558	0.426	-0.622	9.824E-2	-0.614	3.164E-2	-0.726	3.139E-2
0.142	-0.370	1.003	-0.381	0.882	-0.555	0.524	-0.570	0.428	-0.626	9.871E-2	-0.616	3.227E-2	-0.728	2.920E-2
0.150	-0.383	1.006	-0.394	0.886	-0.568	0.528	-0.581	0.430	-0.628	9.902E-2	-0.616	3.164E-2	-0.729	2.712E-2
0.158	-0.394	1.010	-0.406	0.890	-0.580	0.529	-0.591	0.431	-0.631	9.949E-2	-0.618	3.248E-2	-0.730	2.519E-2
0.167	-0.406	1.013	-0.418	0.893	-0.589	0.530	-0.599	0.432	-0.633	0.100	-0.618	3.248E-2	-0.731	2.336E-2
0.175	-0.417	1.015	-0.429	0.896	-0.598	0.531	-0.607	0.432	-0.636	9.980E-2	-0.618	3.173E-2	-0.732	2.160E-2
0.183	-0.428	1.018	-0.439	0.898	-0.605	0.531	-0.613	0.433	-0.637	0.101	-0.619	3.273E-2	-0.733	2.070E-2
0.192	-0.438	1.020	-0.450	0.900	-0.610	0.532	-0.618	0.433	-0.638	0.102	-0.620	3.438E-2	-0.733	2.073E-2
0.200	-0.449	1.022	-0.461	0.903	-0.615	0.532	-0.622	0.434	-0.639	0.102	-0.620	3.620E-2	-0.734	2.068E-2
0.208	-0.459	1.024	-0.471	0.904	-0.619	0.532	-0.627	0.433	-0.641	0.101	-0.620	3.537E-2	-0.734	2.028E-2
0.217	-0.469	1.025	-0.482	0.905	-0.624	0.531	-0.631	0.433	-0.642	0.101	-0.621	3.670E-2	-0.734	2.036E-2
0.225	-0.480	1.027	-0.492	0.906	-0.630	0.531	-0.634	0.433	-0.642	0.101	-0.621	3.603E-2	-0.734	2.060E-2
0.233	-0.491	1.029	-0.502	0.908	-0.635	0.531	-0.638	0.433	-0.643	0.103	-0.621	3.686E-2	-0.734	2.102E-2
0.242	-0.501	1.030	-0.512	0.909	-0.641	0.530	-0.642	0.433	-0.644	0.103	-0.621	3.703E-2	-0.734	2.097E-2
0.250	-0.513	1.032	-0.522	0.910	-0.646	0.530	-0.645	0.433	-0.644	0.103	-0.622	3.769E-2	-0.735	2.088E-2
0.258	-0.523	1.034	-0.533	0.912	-0.650	0.530	-0.648	0.433	-0.644	0.103	-0.622	3.769E-2	-0.735	2.051E-2
0.267	-0.534	1.035	-0.543	0.913	-0.654	0.530	-0.651	0.433	-0.644	0.103	-0.622	3.769E-2	-0.735	2.013E-2
0.275	-0.545	1.037	-0.553	0.914	-0.657	0.531	-0.654	0.433	-0.644	0.103	-0.623	3.852E-2	-0.735	2.071E-2
0.283	-0.555	1.039	-0.563	0.916	-0.660	0.531	-0.657	0.434	-0.646	0.104	-0.622	3.868E-2	-0.735	2.070E-2
0.292	-0.565	1.039	-0.572	0.917	-0.663	0.531	-0.659	0.433	-0.647	0.105	-0.622	3.736E-2	-0.735	2.031E-2
0.300	-0.575	1.040	-0.582	0.918	-0.667	0.531	-0.662	0.433	-0.647	0.103	-0.623	3.696E-2	-0.735	2.028E-2
0.308	-0.584	1.042	-0.591	0.918	-0.672	0.531	-0.666	0.434	-0.648	0.104	-0.623	3.865E-2	-0.735	2.039E-2
0.317	-0.593	1.042	-0.599	0.919	-0.676	0.531	-0.670	0.434	-0.648	0.105	-0.623	3.837E-2	-0.735	2.051E-2
0.325	-0.602	1.043	-0.607	0.919	-0.681	0.530	-0.673	0.433	-0.648	0.105	-0.623	3.837E-2	-0.735	2.003E-2
0.333	-0.610	1.043	-0.616	0.919	-0.686	0.529	-0.676	0.433	-0.648	0.105	-0.622	3.809E-2	-0.735	1.996E-2
0.342	-0.619	1.043	-0.624	0.919	-0.691	0.529	-0.679	0.433	-0.648	0.105	-0.623	3.851E-2	-0.735	1.995E-2
0.350	-0.628	1.043	-0.633	0.918	-0.695	0.528	-0.682	0.432	-0.649	0.105	-0.623	3.798E-2	-0.735	2.013E-2
0.358	-0.637	1.042	-0.641	0.918	-0.699	0.528	-0.685	0.432	-0.649	0.104	-0.623	3.798E-2	-0.735	2.005E-2
0.367	-0.645	1.042	-0.650	0.918	-0.702	0.528	-0.687	0.432	-0.649	0.104	-0.623	3.825E-2	-0.735	1.974E-2
0.375	-0.654	1.042	-0.659	0.917	-0.705	0.527	-0.690	0.433	-0.649	0.106	-0.624	3.772E-2	-0.735	1.954E-2
0.383	-0.663	1.041	-0.668	0.917	-0.709	0.527	-0.693	0.433	-0.650	0.105	-0.623	3.772E-2	-0.734	1.941E-2
0.392	-0.672	1.041	-0.677	0.916	-0.713	0.527	-0.697	0.433	-0.651	0.106	-0.624	3.798E-2	-0.735	1.885E-2
0.400	-0.681	1.040	-0.686	0.916	-0.717	0.526	-0.700	0.432	-0.651	0.105	-0.624	3.825E-2	-0.735	1.858E-2
0.408	-0.690	1.039	-0.695	0.915	-0.721	0.526	-0.703	0.432	-0.651	0.106	-0.623	3.877E-2	-0.735	1.856E-2
0.417	-0.699	1.038	-0.704	0.914	-0.726	0.526	-0.706	0.432	-0.652	0.106	-0.623	3.720E-2	-0.735	1.815E-2
0.425	-0.709	1.037	-0.713	0.913	-0.730	0.525	-0.710	0.432	-0.653	0.106	-0.624	3.772E-2	-0.735	1.817E-2
0.433	-0.718	1.036	-0.721	0.912	-0.735	0.525	-0.713	0.431	-0.655	0.106	-0.624	3.772E-2	-0.735	1.761E-2
0.442	-0.727	1.035	-0.730	0.910	-0.740	0.524	-0.717	0.430	-0.656	0.104	-0.624	3.693E-2	-0.735	1.705E-2
0.450	-0.737	1.033	-0.738	0.909	-0.745	0.523	-0.721	0.429	-0.655	0.105	-0.624	3.772E-2	-0.735	1.661E-2
0.458	-0.746	1.032	-0.746	0.908	-0.750	0.522	-0.724	0.428	-0.656	0.105	-0.624	3.588E-2	-0.735	1.569E-2
0.467	-0.755	1.031	-0.755	0.907	-0.755	0.520	-0.728	0.428	-0.656	0.105	-0.625	3.641E-2	-0.735	1.516E-2
0.475	-0.765	1.030	-0.764	0.906	-0.761	0.520	-0.733	0.427	-0.658	0.105	-0.625	3.588E-2	-0.735	1.463E-2
0.483	-0.773	1.029	-0.771	0.905	-0.764	0.519	-0.735	0.426	-0.656	0.104	-0.623	3.562E-2	-0.733	1.358E-2
0.492	-0.781	1.029	-0.779	0.905	-0.768	0.518	-0.738	0.426	-0.656	0.104	-0.621	3.510E-2	-0.732	1.341E-2
0.500	-0.792	1.027	-0.789	0.903	-0.773	0.518	-0.742	0.425	-0.657	0.105	-0.621	3.562E-2	-0.732	1.297E-2
0.508	-0.802	1.026	-0.798	0.902	-0.779	0.517	-0.747	0.425	-0.657	0.105	-0.623	3.536E-2	-0.733	1.293E-2
0.517	-0.813	1.024	-0.808	0.900	-0.784	0.516	-0.751	0.424	-0.658	0.106	-0.623	3.532E-2	-0.732	1.300E-2
0.525	-0.823	1.022	-0.819	0.898	-0.790	0.515	-0.756	0.423	-0.659	0.106	-0.624	3.602E-2	-0.733	1.255E-2
0.533	-0.834	1.020	-0.829	0.896	-0.795	0.513	-0.760	0.422	-0.661	0.106	-0.624	3.532E-2	-0.733	1.271E-2
0.542	-0.844	1.018	-0.839	0.895	-0.801	0.513	-0.765	0.422	-0.662	0.107	-0.624	3.719E-2	-0.733	1.229E-2
0.550	-0.855	1.016	-0.848	0.893	-0.807	0.512	-0.770	0.422	-0.662	0.108	-0.625	3.742E-2	-0.732	1.225E-2
0.558	-0.866	1.014	-0.859	0.892	-0.813	0.511	-0.775	0.421	-0.663	0.109	-0.625	3.859E-2	-0.732	1.205E-2
0.567	-0.877	1.012	-0.869	0.890	-0.820	0.511	-0.781	0.421	-0.665	0.110	-0.625	4.023E-2	-0.732	1.191E-2
0.575	-0.888	1.011	-0.880	0.888	-0.827	0.509	-0.787	0.421	-0.666	0.112	-0.625	4.070E-2	-0.732	1.173E-2
0.583	-0.900	1.009	-0.891	0.887	-0.834	0.509	-0.793	0.420	-0.668	0.113	-0.626	4.280E-2	-0.732	1.176E-2
0.592	-0.911	1.007	-0.902	0.885	-0.843	0.507	-0.800	0.419	-0.670	0.115	-0.627	4.421E-2	-0.733	1.180E-2
0.600	-0.923	1.004	-0.913	0.883	-0.851	0.507	-0.808	0.419	-0.673	0.116	-0.628	4.584E-2	-0.733	1.126E-2
0.608	-0.935	1.003	-0.924	0.881	-0.860	0.506	-0.815	0.418	-0.674	0.118	-0.629	4.772E-2	-0.734	1.166E-2
0.617	-0.946	1.001	-0.935	0.880	-0.869	0.505	-0.823	0.418	-0.675	0.121	-0.630	4.959E-2	-0.734	1.203E-2
0.625	-0.958	0.999	-0.947	0.878	-0.879	0.504	-0.832	0.417	-0.677	0.122	-0.631	5.286E-2	-0.734	1.208E-2
0.633	-0.970	0.997	-0.959	0.877	-0.889	0.503	-0.841	0.417	-0.680	0.125	-0.633	5.601E-2	-0.735	1.263E-2
0.642	-0.982	0.996	-0.972	0.876	-0.899	0.502	-0.850	0.416	-0.683	0.126	-0.634	5.898E-2	-0.735	1.315E-2
0.650	-0.996	0.994	-0.986	0.874	-0.911	0.500	-0.860	0.416	-0.686	0.130	-0.636	6.288E-2	-0.736	1.370E-2
0.658	-1.009	0.992	-0.999	0.872	-0.922	0.499	-0.870	0.415	-0.691	0.134	-0.639	6.789E-2	-0.737	1.466E-2
0.667	-1.022	0.990	-1.012	0.871	-0.935	0.498	-0.881	0.414	-0.695	0.138	-0.642	7.198E-2	-0.737	1.561E-2
0.675	-1.036	0.989	-1.026	0.870	-0.948	0.496	-0.894	0.413	-0.700	0.141	-0.646	7.588E-2	-0.739	1.687E-2
0.683	-1.050	0.987	-1.041	0.869	-0.963	0.495	-0.907	0.412	-0.706	0.145	-0.649	8.126E-2	-0.741	1.832E-2
0.692	-1.064	0.986	-1.055	0.868	-0.977	0.494	-0.920	0.411	-0.713	0.148	-0.654	8.665E-2	-0.743	2.028E-2
0.700	-1.078	0.986	-1.069	0.867	-0.993	0.492	-0.934	0.410	-0.720	0.153	-0.659	9.277E-2	-0.745	2.205E-2
0.708	-1.092	0.985	-1.083	0.866	-1.009	0.490	-0.950	0.409	-0.727	0.159	-0.666	0.101	-0.747	2.445E-2
0.717	-1.105	0.984	-1.098	0.865	-1.027	0.489	-0.967	0.408	-0.737	0.164	-0.673	0.108	-0.750	2.738E-2
0.725	-1.118	0.984	-1.112	0.865	-1.045	0.487	-0.984	0.407	-0.747	0.170	-0.682	0.117	-0.754	3.107E-2
0.733	-1.131	0.985	-1.126	0.865	-1.064	0.486	-1.003	0.406	-0.760	0.176	-0.692	0.127	-0.758	3.571E-2
0.742	-1.143	0.985	-1.140	0.865	-1.084	0.484	-1.024	0.404	-0.772	0.181	-0.703	0.137	-0.763	4.073E-2
0.750	-1.155	0.985	-1.153	0.865	-1.105	0.482	-1.045	0.403	-0.787	0.188	-0.717	0.148	-0.770	4.728E-2
0.758	-1.167	0.986	-1.166	0.865	-1.126	0.480	-1.067	0.401	-0.803	0.196	-0.732	0.158	-0.778	5.521E-2
0.767	-1.179	0.986	-1.178	0.865	-1.148	0.479	-1.089	0.400	-0.821	0.202	-0.750	0.171	-0.788	6.387E-2
0.775	-1.189	0.987	-1.190	0.865	-1.170	0.478	-1.112	0.399	-0.839	0.209	-0.769	0.182	-0.800	7.264E-2
0.783	-1.199	0.987	-1.201	0.866	-1.193	0.478	-1.136	0.399	-0.858	0.216	-0.788	0.193	-0.812	8.071E-2
0.792	-1.209	0.987	-1.212	0.866	-1.215	0.478	-1.160	0.399	-0.879	0.223	-0.809	0.202	-0.825	8.861E-2
0.800	-1.218	0.988	-1.222	0.866	-1.238	0.479	-1.184	0.401	-0.899	0.228	-0.830	0.211	-0.841	9.654E-2
0.808	-1.227	0.988	-1.232	0.867	-1.260	0.481	-1.208	0.403	-0.921	0.234	-0.850	0.219	-0.860	0.105
0.817	-1.236	0.990	-1.241	0.869	-1.282	0.484	-1.232	0.405	-0.942	0.241	-0.871	0.226	-0.880	0.112
0.825	-1.244	0.991	-1.250	0.871	-1.303	0.487	-1.255	0.408	-0.964	0.247	-0.892	0.231	-0.903	0.118
0.833	-1.252	0.993	-1.259	0.872	-1.325	0.490	-1.278	0.412	-0.986	0.253	-0.914	0.238	-0.927	0.123
0.842	-1.260	0.995	-1.268	0.875	-1.345	0.494	-1.301	0.416	-1.007	0.258	-0.938	0.241	-0.952	0.127
0.850	-1.268	0.998	-1.276	0.877	-1.365	0.498	-1.323	0.420	-1.030	0.261	-0.962	0.244	-0.978	0.130
0.858	-1.277	1.000	-1.285	0.879	-1.385	0.502	-1.345	0.424	-1.055	0.264	-0.984	0.246	-1.003	0.132
0.867	-1.285	1.002	-1.294	0.882	-1.405	0.507	-1.367	0.429	-1.078	0.265	-1.009	0.246	-1.030	0.133
0.875	-1.294	1.005	-1.302	0.884	-1.424	0.512	-1.389	0.434	-1.103	0.265	-1.031	0.246	-1.056	0.133
0.883	-1.304	1.007	-1.312	0.887	-1.443	0.517	-1.410	0.438	-1.127	0.266	-1.056	0.244	-1.083	0.132
0.892	-1.313	1.009	-1.322	0.889	-1.462	0.522	-1.431	0.443	-1.151	0.265	-1.080	0.240	-1.112	0.130
0.900	-1.323	1.011	-1.333	0.891	-1.480	0.527	-1.452	0.448	-1.175	0.264	-1.105	0.238	-1.140	0.128
0.908	-1.334	1.014	-1.344	0.894	-1.497	0.532	-1.472	0.453	-1.198	0.262	-1.130	0.233	-1.170	0.125
0.917	-1.345	1.016	-1.355	0.896	-1.515	0.537	-1.492	0.456	-1.223	0.260	-1.156	0.229	-1.200	0.122
0.925	-1.355	1.018	-1.366	0.898	-1.532	0.543	-1.511	0.460	-1.247	0.256	-1.181	0.222	-1.230	0.118
0.933	-1.365	1.020	-1.378	0.900	-1.549	0.547	-1.530	0.464	-1.273	0.251	-1.207	0.215	-1.261	0.113
0.942	-1.377	1.021	-1.390	0.901	-1.565	0.551	-1.548	0.467	-1.298	0.247	-1.234	0.207	-1.293	0.109
0.950	-1.388	1.022	-1.402	0.903	-1.581	0.555	-1.566	0.470	-1.324	0.241	-1.261	0.199	-1.325	0.103
0.958	-1.399	1.023	-1.413	0.904	-1.597	0.559	-1.583	0.473	-1.349	0.236	-1.288	0.190	-1.357	9.787E-2
0.967	-1.409	1.025	-1.425	0.906	-1.611	0.562	-1.600	0.476	-1.375	0.228	-1.316	0.181	-1.389	9.264E-2
0.975	-1.420	1.026	-1.436	0.908	-1.626	0.566	-1.616	0.478	-1.402	0.222	-1.344	0.172	-1.423	8.739E-2
0.983	-1.431	1.026	-1.447	0.908	-1.640	0.569	-1.632	0.480	-1.429	0.215	-1.374	0.163	-1.456	8.219E-2
0.992	-1.440	1.026	-1.458	0.909	-1.653	0.571	-1.648	0.481	-1.456	0.207	-1.404	0.153	-1.490	7.708E-2
1.000	-1.451	1.027	-1.469	0.910	-1.667	0.574	-1.662	0.483	-1.483	0.200	-1.433	0.143	-1.524	7.186E-2
1.008	-1.461	1.027	-1.479	0.910	-1.680	0.576	-1.677	0.484	-1.512	0.193	-1.465	0.133	-1.558	6.712E-2
1.017	-1.471	1.027	-1.490	0.910	-1.692	0.577	-1.691	0.484	-1.540	0.185	-1.497	0.122	-1.594	6.244E-2
1.025	-1.481	1.026	-1.501	0.910	-1.704	0.577	-1.705	0.484	-1.569	0.178	-1.529	0.113	-1.629	5.817E-2
1.033	-1.491	1.025	-1.511	0.910	-1.715	0.578	-1.718	0.483	-1.598	0.170	-1.561	0.104	-1.664	5.471E-2
1.042	-1.502	1.024	-1.521	0.909	-1.726	0.577	-1.730	0.483	-1.626	0.163	-1.594	9.458E-2	-1.699	5.197E-2
1.050	-1.512	1.023	-1.531	0.908	-1.736	0.576	-1.742	0.481	-1.655	0.157	-1.626	8.707E-2	-1.734	5.014E-2
1.058	-1.522	1.022	-1.541	0.906	-1.746	0.574	-1.754	0.479	-1.685	0.151	-1.661	7.936E-2	-1.770	4.924E-2
1.066	-1.533	1.020	-1.552	0.905	-1.755	0.572	-1.766	0.478	-1.714	0.147	-1.693	7.311E-2	-1.804	4.930E-2
1.075	-1.544	1.019	-1.563	0.903	-1.764	0.570	-1.777	0.476	-1.742	0.143	-1.724	6.749E-2	-1.838	5.021E-2
1.083	-1.555	1.017	-1.573	0.901	-1.772	0.567	-1.788	0.474	-1.769	0.138	-1.757	6.228E-2	-1.870	5.176E-2
1.091	-1.565	1.016	-1.583	0.899	-1.780	0.563	-1.797	0.471	-1.796	0.136	-1.788	5.915E-2	-1.901	5.423E-2
1.100	-1.576	1.014	-1.594	0.897	-1.788	0.560	-1.807	0.469	-1.823	0.133	-1.818	5.540E-2	-1.931	5.713E-2
1.108	-1.587	1.012	-1.604	0.895	-1.796	0.555	-1.817	0.466	-1.848	0.132	-1.847	5.332E-2	-1.960	6.029E-2
1.116	-1.598	1.010	-1.615	0.892	-1.804	0.551	-1.826	0.462	-1.872	0.130	-1.874	5.186E-2	-1.987	6.356E-2
1.125	-1.610	1.008	-1.626	0.889	-1.811	0.547	-1.835	0.459	-1.895	0.129	-1.900	4.998E-2	-2.012	6.741E-2
1.133	-1.621	1.005	-1.637	0.887	-1.819	0.543	-1.844	0.456	-1.917	0.129	-1.924	5.061E-2	-2.037	7.165E-2
1.141	-1.632	1.003	-1.648	0.884	-1.826	0.539	-1.852	0.453	-1.937	0.128	-1.948	4.977E-2	-2.059	7.518E-2
1.150	-1.644	1.001	-1.659	0.882	-1.834	0.535	-1.860	0.449	-1.955	0.127	-1.970	4.852E-2	-2.079	7.801E-2
1.158	-1.656	0.998	-1.671	0.880	-1.842	0.530	-1.868	0.446	-1.973	0.127	-1.989	4.852E-2	-2.098	8.050E-2
1.166	-1.668	0.997	-1.683	0.877	-1.849	0.527	-1.876	0.443	-1.989	0.125	-2.005	4.727E-2	-2.114	8.101E-2
1.175	-1.680	0.995	-1.696	0.875	-1.858	0.524	-1.885	0.439	-2.001	0.125	-2.020	4.561E-2	-2.128	8.055E-2
1.183	-1.693	0.993	-1.708	0.874	-1.868	0.521	-1.893	0.436	-2.011	0.123	-2.031	4.320E-2	-2.139	7.914E-2
1.191	-1.705	0.992	-1.721	0.872	-1.878	0.519	-1.903	0.434	-2.021	0.121	-2.041	4.135E-2	-2.148	7.671E-2
1.200	-1.718	0.990	-1.734	0.870	-1.890	0.518	-1.914	0.432	-2.028	0.118	-2.047	3.800E-2	-2.155	7.230E-2
1.208	-1.731	0.989	-1.747	0.869	-1.902	0.517	-1.926	0.430	-2.033	0.113	-2.050	3.243E-2	-2.159	6.665E-2
1.216	-1.744	0.988	-1.761	0.868	-1.915	0.517	-1.937	0.428	-2.036	0.109	-2.053	2.835E-2	-2.162	6.059E-2
1.225	-1.757	0.987	-1.774	0.867	-1.929	0.517	-1.948	0.426	-2.039	0.103	-2.054	2.724E-2	-2.164	5.437E-2
1.233	-1.770	0.987	-1.788	0.867	-1.943	0.517	-1.959	0.424	-2.040	9.916E-2	-2.057	2.538E-2	-2.167	4.898E-2
1.241	-1.784	0.986	-1.802	0.867	-1.955	0.516	-1.969	0.421	-2.044	9.512E-2	-2.060	2.482E-2	-2.172	4.465E-2
1.250	-1.798	0.986	-1.817	0.866	-1.965	0.514	-1.979	0.419	-2.053	9.481E-2	-2.063	2.393E-2	-2.176	4.028E-2
